,X,Y,Z
0,-4.379495149775014,-4.563057265356658,-0.08590327834271486
1,-5.871544972540414,6.3521702195892535,0.0809169157094613
2,-2.9648050116511873,-5.321665116277204,0.2120031089247548
3,0.39018527083967197,16.600952200329644,-0.23215597016865558
4,0.8468937682818161,-0.527156882546914,0.019855630369433434
5,-7.398666487965589,3.1146780172682904,0.2604574468728223
6,-0.7111258858892252,-0.5142603606563805,0.11803235083068726
7,1.284771075816152,1.0188436209079328,-0.04006115949126886
8,-4.604708643876566,3.5076050227076285,-0.02245124994219816
9,4.9181678493922165,-0.37889508052878057,-0.08116228816756321
10,2.520668482165116,5.88418641190528,0.17152603175360223
11,1.8926173320145234,-4.225053060944539,0.05606365652363455
12,1.7792423491907596,3.8476874528430653,-0.3820204632112835
13,7.874253656802102,-8.144021005991805,0.028529702105353195
14,-0.1815285930401682,-7.589814971842673,-0.1670604421920401
15,8.900548550790225,3.496177192578736,0.12268704804355805
16,4.702288732874502,-7.959108708352565,-0.25079770200033497
17,2.9437114368442954,-9.98819409032139,-0.25144098176111696
18,14.677482307655358,4.32862386587346,-0.072945891698409
19,2.6270171791749224,1.2641333524703051,0.12429136092169225
20,-1.6065649713005088,2.8240099640184764,-0.03589137341493655
21,-9.017811497465253,-0.6448625680996173,-0.25553652079603945
22,3.048290116459391,2.611211456110136,0.2031592915576771
23,-9.48810166949387,-7.327285111476761,0.3915453951808246
24,-2.31852165387898,6.166970690402635,-0.24257861740312528
25,-4.24735428620863,3.606390224914339,-0.045976506507988596
26,-2.9598546934628254,-0.11525196798124053,0.09293064867353554
27,2.506618703442459,5.127634082733648,0.07620084431166779
28,0.7386170031785562,-4.404390232070101,-0.12141191060202638
29,0.9010843783838819,-0.9432440678193377,0.3146014172829978
30,11.982823764463376,2.8025557667103413,-0.14331232439931
31,-1.9020152331446547,-1.3798531822357898,-0.08073662658945051
32,-2.5444573563671775,2.070718809662926,-0.1927063770416828
33,-0.26420857579519313,10.61437994645697,-0.20125563688732995
34,-7.379025655322313,2.684105255410323,0.2718697718166605
35,5.783747397477994,6.003527258672287,-0.04506296747197938
36,0.998445907638416,4.657981081058219,-0.1506919777121436
37,3.150508541480939,-2.2745938615813723,-0.23131042633874924
38,1.7136063550507743,2.8225727687280844,-0.05745904678706984
39,-1.6437934035872506,-0.33877819198215814,0.26984475784567524
40,-15.722048162364295,-8.193090391571122,0.018838745207831013
41,4.301860370105493,1.5545049949231928,0.00633757468467227
42,0.6166730069207499,-2.100181357205251,-0.29649901437450954
43,4.72325041973194,-1.1139511842608956,0.5653265497095331
44,-1.4661290943716512,6.439057374329772,0.17669630220114602
45,-12.170392602532631,7.710700345566115,0.1466845129538191
46,-8.23031650985677,5.619841424055628,0.02427156432210799
47,0.33332864367921117,2.548346954366005,-0.008152601401205235
48,-4.016418222075627,-2.400645771186716,0.19458696590258007
49,-0.07731508303638235,9.895832918218867,-0.08963130324918762
50,0.5532142659681395,-3.0341433570206995,0.0320096210748093
51,2.3985867585956964,7.147190175590523,0.018230280554355813
52,-19.68204199085716,6.345450055382185,0.13880757846524144
53,7.426362284587862,8.289531600269848,0.4303582390139805
54,-4.126128362980078,9.229889645929378,-0.003008400857040995
55,-0.8662826014242779,-1.841848596496232,-0.22473774172023647
56,11.51413223556319,4.002396187569101,-0.49577423520230385
57,0.5530792231625102,-7.878785220632002,0.015498465747079516
58,-1.4839965752170488,-5.874893242384721,-0.4516160764544082
59,0.2913618621527321,2.936431733705615,0.0938794352942085
60,-7.57557432450256,-12.797437999546938,-0.3535094238934597
61,-2.4755769545886688,-9.474669513423272,0.19380465337387714
62,-2.9114189901458887,8.82569957627589,-0.2673392149755273
63,-2.338090398076099,-4.6037432164658485,0.1715686332153143
64,-1.7905860480724791,-14.149104740273366,0.310479204038632
65,-3.112872967737334,-1.459533808378328,0.8121808983063387
66,-12.373382329952705,-10.406530007329982,0.36543521790200567
67,10.552475442607701,-6.106167708645842,0.2435819936229523
68,4.399435863678357,-7.978228381739093,-0.09381870055963223
69,5.203836236548532,0.9594505632299463,-0.2281116627799509
70,-5.816625251209754,-2.180510168216005,-0.06606782804945359
71,-1.4862183625576024,2.3716724147239803,0.05217271968493423
72,4.786367067513939,9.811680591500116,0.11956020192158631
73,-1.0025166557134755,-0.897091627578073,-0.5617341346148049
74,-2.9692297606931586,7.804343407562397,0.0854556430055691
75,0.5943291597408783,-11.621690259153771,0.18803681253937865
76,-7.135382675828293,1.0764641679003786,-0.24372799663512862
77,13.168962997774786,-5.850892326746179,0.2526067606743411
78,0.5372900131042203,-13.803842528353364,0.11699086164787978
79,9.88364542950554,-3.4282060148282048,0.43061322685983444
80,7.3901401403322975,5.9386822950013824,0.10299954797372447
81,-0.8781804298761335,-3.294308237587195,-0.029217635268887196
82,2.7340002461075725,-3.1816967666003104,0.04713712327104226
83,1.5227112408786023,-0.9287212761075392,-1.042376359803178
84,-16.2664337236748,3.6961229649915013,0.36722551803072134
85,6.073786161022448,0.45497443387522896,-0.05006223093776445
86,0.7236164742919976,-4.394493592596131,-0.1802294346349717
87,4.123544358403199,-1.6402546042057649,0.04649412302607139
88,9.02907575103009,2.7746359835098087,0.2470974533150288
89,-12.439689681690883,0.5745055475729755,0.47875821039950883
90,-1.2234477062665696,0.6693045948691135,0.20701210405280854
91,-16.176755171006008,6.652832489805678,0.10638629946766603
92,-9.919253735809367,-2.101733616343745,0.41040746273511924
93,7.105762057683595,-7.443203826893948,-0.9588943809931552
94,0.9738559341614577,-2.51088285387377,-0.3838422310250568
95,-0.28477642991507435,2.3941557589242537,-0.09361097982530679
96,2.770799995426556,-7.467323376763976,-0.09898399474125752
97,0.039242032400153434,-4.308028718464113,0.027684595133382915
98,-1.7769125413471152,-0.16489341740131727,0.25599588161672565
99,2.9934041232309916,-0.6206392254584132,-0.06259524513461415
100,3.0185994455365863,4.8034185934556755,0.28469300246039997
101,8.646009904721216,2.1964166358027315,0.09078966526588715
102,-7.6203564142721545,4.0581035918831665,0.20032482595217493
103,6.704009425463387,10.977453499804255,0.10219789115167387
104,-4.302978958348731,-3.3953662806540557,-0.19578418729578617
105,14.275259250727327,-9.290398626508688,0.3203040100081982
106,0.8316888518675999,0.055613162437920326,-0.03435967033931549
107,8.598926709669339,-10.300201451559834,0.3014047426136204
108,5.813820343430072,-1.1335351965182183,-0.042289674105420144
109,7.092850103480146,8.788479973912997,-0.1464952251327266
110,-2.7313195114991733,-12.765298442488954,0.27638480161099255
111,-11.03639760407013,0.22277741050078317,0.4337573128499198
112,1.3118931321788085,2.9646085603401473,-0.16323106055180048
113,3.0584306715719283,3.1651660330930733,-0.0626045163970902
114,-1.9972541929080179,-2.356032382605947,-0.029604066171426933
115,-0.8884580479019035,-1.271162518536355,0.22971599836426304
116,-3.869272835813429,-1.661246155216519,-0.10929359701506582
117,-0.35148319252001103,-3.0794262405051755,-0.027928659246235256
118,7.453737507702617,1.4381520051794847,0.029959666452186836
119,9.95308468166675,5.913505737342233,0.48622649053136485
120,11.886019946472684,-4.662148124700593,-0.1124036890939118
121,-12.294480890660035,8.184070299769134,-1.561104321670176
122,2.9660106990798036,0.3877648954949756,-0.22741412479423523
123,3.1220365761644127,2.6335928531459083,0.16043464536894078
124,-9.642657762928646,8.838339542002739,0.3014862735747176
125,7.035890281898868,-10.620674076849498,-0.5896084487286894
126,-4.906275910430823,15.072981608855573,-0.8454971467070878
127,-1.6437996070389203,1.6376215840971622,-0.03931224335199811
128,-5.874336436274875,4.5433110864826975,-0.08842398364207973
129,-4.700070186590253,-6.5555350571494975,-0.005314857111386583
130,8.02521444191493,-0.6765864281055994,0.37595470753840754
131,1.5443422258889998,-5.6700723465695555,0.05122587682333256
132,0.6479049721655789,0.005711331164930931,-0.3213194245075893
133,14.037617410695686,-7.540687957285199,-0.32850795550943407
134,-4.146560503145196,16.03858292378808,-0.23793817131654935
135,2.4173482405272466,6.809667838175857,-0.19217139869457772
136,-6.783634933652814,1.0812497239297514,0.14823261342456104
137,13.99752364590512,6.973720636449394,0.31243582826799304
138,-3.0969961248006737,3.571204128296924,-0.01367021646173558
139,-7.24543415236526,8.691265576480497,0.3132523595047829
140,0.21375331853081916,6.774064538075667,-0.1150585955359314
141,-8.185838180768641,-7.539422879342473,-0.04364995816188826
142,4.722298281733644,0.23620038312743694,-0.170140152272119
143,-0.05945650443250884,-10.194399488844471,-0.08508957585654686
144,5.828598986497683,-7.037433093803557,0.5415553408114419
145,8.727592743903255,12.934669657297633,-0.3618661524552644
146,-1.1171285878635533,2.2731046113396993,-0.5607627837577314
147,1.9950728554833885,0.8152768818200844,-0.09779636727062442
148,-12.519971588734768,-1.112061712883636,0.009214336953117078
149,-5.170566189052237,15.622120185996778,-0.9284529925258519
150,-22.08293115971908,0.6227718153192614,0.3224488954686231
151,2.1344134351114707,12.592781928133192,0.030894614413804693
152,4.154189911553599,6.716803329762306,-0.07082471489523244
153,4.188204832876305,0.22480740471592217,-0.2522102278107431
154,-1.6190961747388015,-3.284485982950568,0.02283114671026608
155,0.1712367536702798,4.287367486051217,-0.015544931777899177
156,-0.2726581830271999,7.220214677306604,0.01716566495678594
157,1.4467794844733517,-13.575505706130153,0.26524812130132885
158,6.111139681188512,-3.8920081430128213,-0.01287171744716814
159,-1.2707917665246689,10.926466813038251,-0.4986244131025284
160,4.755318511917407,2.6419423080993543,0.03792940121019456
161,-4.886382578074106,6.415817614633144,0.16868910663269931
162,-0.09568556646081956,-2.2847782299318804,0.18290581333421557
163,3.0005305725496845,-1.3419376582615057,0.007683570715423697
164,11.538192132738802,-11.025248586878073,-0.7113307387940149
165,0.7010667270655387,5.580715770937885,-0.03955813187137682
166,-1.5405518160146543,2.7684399824757815,-0.34184374567936765
167,8.637204153768858,-0.1542693013754883,0.07871629048547368
168,-1.7250206570432223,-4.934229062301055,0.06353516774717663
169,-2.857997234577647,-1.096005402817329,0.19547514634758967
170,-4.9530665046601365,2.314829688634241,0.42247119542900075
171,0.22369563209922433,-2.183985986156069,-0.013635077096643742
172,-1.3550690517718693,20.30308832994486,0.6477165813376295
173,-4.016654673185284,-1.5775334737210218,-0.1895887038486106
174,2.2239046575014787,3.3084834659195077,-0.26756794612460066
175,-14.9092815474696,-1.6143767579463644,0.07407466365779716
176,-4.1146434405124275,-4.3319784705634685,0.10437110819307796
177,1.6166055615897825,-5.244168578524811,-0.5365102204549742
178,13.669485431454532,4.302566860635693,-0.6448329858989075
179,9.28930028895157,-6.585912344466135,-0.26902878772452343
180,-11.195714925389883,-8.070110258254035,0.11080847252137938
181,-4.12984238979662,-1.7187262449575909,0.1925776564338672
182,2.713230920608234,-9.447905015870544,-0.7407582066197153
183,-2.1604739051587267,-0.2894391053581511,-0.0961903894958959
184,7.800331660748125,-7.959327433877913,0.3871398342083119
185,-1.9997977289700004,1.9056699693221082,0.06147616999292618
186,4.979361590935101,3.7666994206498114,0.3957396149640404
187,-9.269525595881625,-2.6292000657241306,-0.41433649359262475
188,-2.385738637902597,-1.779900070716426,0.1125037224183642
189,-8.28723024460253,-3.0944286764793625,-0.1196658146004408
190,0.5863592783879967,-2.7054197364904984,-0.23042364719345768
191,11.472919796824074,2.4031496530496574,-0.22406884060436577
192,3.146427456656733,15.566611423526226,0.7064847127273842
193,2.4628183627250433,9.787697780432813,0.0842723583891912
194,0.043101252644402906,-5.77992700453158,-0.24488841490179877
195,-0.49915677234645545,-3.3660033129464493,0.02971888647048201
196,-5.750806965695586,-4.466574051083989,0.07003861966886864
197,-0.8213404373092718,0.14592947671858333,0.23155177378231875
198,-9.589449766768096,-6.674974630318136,0.02558350129711664
199,-1.8796539920605564,-0.2597850818453932,-0.28911681789536586
200,1.3210528303646805,9.934706915292665,0.45991254343839266
201,-2.215885025150681,-3.778997600657955,-0.18565991243892196
202,2.5565085057199766,-11.535397634194467,-0.01399963131999771
203,-3.0111389444429504,3.0645386178659098,-0.1388620243051739
204,-1.6811781096836154,4.918134709205727,0.24451041651105565
205,0.7743642408971444,-1.3832770658241016,0.11703736154234888
206,2.139186446046791,5.502998424592709,-0.6466588832181075
207,5.172059904585364,-0.7582490735154205,0.04013950124334465
208,-2.991462818021936,-6.080121216778684,0.07864538938879007
209,-3.342214821236032,4.861252674397928,-0.32356665511951926
210,3.3731471278317238,4.406531334524209,-0.07920614412864935
211,-3.541914452065404,-5.797603325470143,-0.3396577594301643
212,1.4142124807424,-0.5267282591394673,0.06067655383631648
213,-4.826026838600443,3.812684700707553,-0.08261835129244151
214,-0.19221677815035582,2.536614912076963,-0.4634396066246748
215,12.91084248846954,-11.804774360635287,-0.514540257139929
216,16.788332083193467,10.938630422016649,0.04441408315518356
217,0.10581897800145146,-2.6502380562645826,0.018861766173478928
218,2.1642048879894467,-4.504751705050392,-0.08243752740358463
219,10.073166150937368,0.08518813065471392,0.20072021254456218
220,-2.5579801097297143,0.6531803687505952,0.06575526058538468
221,-3.7760506303041392,9.661172989569579,0.07010554103841769
222,5.525548904785501,-0.3424692239736329,-0.03813121016830578
223,0.5532022021074455,2.4501214580680957,0.25718494414406445
224,2.057624607449787,3.6680377034314726,-0.012791137998244599
225,2.8869129687602046,-0.29221941520608424,0.03455027932934301
226,15.18294668633194,-6.642134549571844,0.16054569215745892
227,2.524145299141011,8.313487051963863,-0.011112985870213397
228,17.364708950578837,-1.6505573303597805,-0.517344129715523
229,0.3380675740654054,1.0748720376127812,-0.6616881647512142
230,4.686596347258579,-2.5823976790458576,-0.0481686019078715
231,-1.588169779175454,2.167141541031954,0.19246980676954606
232,-3.5502928198251134,10.958526013370584,-0.16348757973253347
233,-3.4749826897574105,1.5469342275265687,0.3819659265033617
234,-4.922038511688073,4.9873281523482085,0.15396460734666995
235,-3.5683118381696657,-9.434392721240659,0.6111410482981758
236,2.1958644084351944,-7.994763538032276,0.026860765791913693
237,-9.029501203384472,-5.016991839242649,-0.32213877861409707
238,9.05565450434826,0.3941622027623324,1.2340533345746978
239,-2.281611073235269,0.3297506200893004,-0.18991024327927625
240,-5.964072733048531,-8.680659521058018,0.0007438598125223701
241,0.10621101477834263,-6.289684317071051,0.4163828043755635
242,-1.1962658808142606,-1.4329193329229801,-0.032892656858450164
243,-3.275091481337402,0.38418889372970144,0.2767582277961014
244,-0.24103599568958134,-6.6858216533908905,-0.1433049454551098
245,-0.691772525640551,-0.27320704751226016,0.09867595453438309
246,-0.8197815750227625,4.360675279639568,-0.07879959195262927
247,16.35704886770946,2.8312283232924744,-0.023024116413373586
248,-6.411525476835997,-11.83208704494174,0.09707076568128875
249,-3.824691247132099,-1.99393388139642,-0.867539427536285
250,-0.7759597226525046,-8.598348586155355,-0.4840268206696736
251,0.6019485894928324,1.2606304386856175,-0.03238951778653329
252,1.5108597394274763,0.6237892582071384,0.0980415507462814
253,-9.096375873540518,18.997828731067326,0.4727266267553778
254,2.8950354230129656,1.0535979691403976,-0.22541617584714538
255,-9.208117343151937,-1.9518628580738453,0.3276834111142351
256,-4.392425845171225,1.4630169902806844,-0.14845314487478778
257,-0.9270515036250692,3.42942268377711,0.324899581072674
258,-6.306625628191167,-2.02450868482689,-0.11941502069449939
259,3.4579706677250903,5.64350530701324,0.011571398929598707
260,-3.483297424109722,-1.55104875157284,0.08140723799652733
261,-0.5456129477228198,5.002554119009261,-0.30923583365663976
262,3.9712686058581657,-0.6062336908900933,0.18873883611585765
263,-9.560787628247805,-3.9068824852356157,0.033718870180897434
264,-4.274558895042176,-2.1923403045901293,0.23144892726247268
265,0.9698712641869613,-1.832654855508505,-0.13436899474937183
266,-0.9648998150623272,-0.034454396860495846,-0.13845463480368872
267,-12.129392111102868,6.684131893397883,-0.2661616374940406
268,1.1870817770444542,9.77177363472441,-0.15646688335684555
269,-4.327740430443505,-13.873662661725223,-0.341903762433007
270,4.161289081184353,1.783191200542187,-0.12086571937044333
271,-1.1322522154279477,4.656813974050911,-0.13858528378197787
272,8.35302026181629,-9.44470980267652,-0.3684157438340349
273,3.5865136901857864,-4.346963340073,0.3329855092047918
274,0.7352222472404251,5.469527868145813,-0.0007943084172271912
275,0.7812665603370185,0.7636200560096549,-0.06266392534460931
276,-14.637347918957676,3.2759811580188973,-0.09225936083902606
277,-4.295438320163634,-8.006715775596552,-0.32769498128316293
278,-1.3981856261212717,10.01540686607037,0.1724106203960536
279,0.876078670515773,-2.951844169422026,0.11595871852561794
280,1.738674638178449,5.471965786535295,0.10680265523026874
281,4.857981074395047,6.0330718638039595,-0.4548369763374257
282,2.0861601259144713,3.1940515755718986,-0.17517680561827279
283,1.4306125170004715,5.534666129897508,-0.07545407396971292
284,-5.577497093474454,0.1557001739028375,0.048212125173537665
285,-4.547804764045334,-6.05485831204446,0.09402343007930489
286,2.3719884639095703,10.36912070073063,0.22349545742852953
287,5.002701923380525,2.958634497415332,-0.5211206370891575
288,-4.809976819758213,-1.6603154123709187,-0.19131074242508714
289,3.997763350230512,-4.227761431619524,-0.02874340480306341
290,-4.893170516212272,-9.2463903790814,-0.2796101637679157
291,8.792158287221156,-0.6123330303139628,0.025184960932046085
292,-2.811655789206659,6.852929382107101,0.08423589120573619
293,-13.762914126773742,1.1454467853715944,0.24357193283042902
294,0.9548710223008878,5.922548351786855,-0.037620579852488414
295,2.4425411003022224,-4.299350665642704,-0.06518562780394555
296,-5.283331729998955,3.5582992009101755,0.055741888315574466
297,-5.321147949379184,0.0677969553965558,-0.14964529171585012
298,2.1562269766597955,-2.0467393629962007,-0.1748571454236022
299,-7.326987741473292,-1.4825696269539161,-0.08872402181220972
300,3.9322599213485425,-9.904576177865886,-0.36848119517706324
301,11.46178828087327,14.412187291836968,1.0002499336047206
302,5.056378894965481,6.34791705568773,-0.1521197967433691
303,11.9409330664339,-13.71642737136879,0.10735366592607203
304,-7.947496139325424,-4.0084760997361375,-0.09662693708856401
305,10.454409116719699,4.666357162677782,0.3533036679750625
306,-5.788442913369259,4.071588852852221,-1.368120037810122
307,18.006177165942564,-3.5385319678906635,-0.5503163750434078
308,-1.0417832062961117,10.030909582486428,-0.10058835009492777
309,6.659046885507058,-3.5957895678175493,-0.33010638122519476
310,0.04976264629988141,-9.31449211204293,0.6943417715326387
311,-0.40161362832902747,3.9972560928911367,0.03185584855837404
312,0.7487375204612163,1.5119743505802656,-0.11432251194692766
313,-9.126368267624173,-2.582767914273611,-0.15992353478294058
314,-5.0783979708308875,-9.782819780970279,-0.328593012541528
315,-3.0140759191853896,-3.684435602597087,-0.35588145883358674
316,2.7876317453041204,-5.907883839524684,0.2243036132375774
317,2.7916212329896313,-3.4340305409288843,0.029689898472307016
318,3.252126196911566,1.18647894799652,0.024494757544833243
319,-1.7694513108508962,7.191801531574652,-0.062271698518791274
320,-5.424574156527997,-3.7856949080142566,-0.3710414227299327
321,3.434732246298455,-0.6659801127331725,0.17777662219153798
322,-3.2292443586755626,8.393658400537726,0.014173217859564855
323,-6.556210964529179,3.956960995649195,-0.13832105826154048
324,22.65868496807138,1.3229194644794442,-0.3381309806568882
325,3.4853161814946567,-1.8323754902328562,0.2724458784837525
326,7.184966863701508,2.712179142212273,-0.107549746008119
327,2.285515840081021,-0.7422716799757573,0.08876339868092152
328,2.8786208783110725,-0.7359470060868358,0.23994427098289062
329,-4.753160731634179,1.096485592608397,0.023204819906730387
330,11.43289218392301,-3.4617964250530355,-0.31384744093739236
331,-2.6744273583965095,2.8871961805381234,-0.23034841979918505
332,-8.761143022566934,-8.75081229798294,-0.24127315259299673
333,-1.726932219090421,6.298032825991121,-0.13128400298062934
334,0.5296974062009892,4.848135585551781,-0.007770163635028075
335,-1.5055984005701142,-5.212185690563991,-0.09728455478660722
336,0.7910161340061636,0.39365669798400976,0.026217723474627228
337,5.948426736411468,-0.4669689567534417,0.1766146037974547
338,10.330395731344762,-4.1327196421074,-0.09003726789156717
339,-4.611912189393032,-8.269297955752892,0.43237568962806816
340,-2.6201118934492342,0.3501784813495192,-0.00864053706638402
341,-6.445632104297698,-3.2166761615833463,-0.3385537841711665
342,5.56875247956427,1.2955603300285934,0.18686768584716226
343,-12.43185016139792,-11.098439930934099,-0.2848957042308535
344,-3.603837801239659,3.2579106142681376,0.18932340931320385
345,-3.5049069929387655,-1.2973229116601284,-0.2839903778603694
346,0.7692702138258364,6.767037411378025,0.13835154100856123
347,-4.456494611285267,-3.8229316959186685,0.16785192402331364
348,-1.1989416826283108,-4.19968552749665,-0.054368552170627346
349,0.9571547174853791,-11.670556995432502,-0.06903480572219642
350,-0.40341517475788985,-1.2018199641673146,-0.03739128555578209
351,6.719854591669399,22.669919569521507,0.3566089729143454
352,5.608806671404935,-1.2647309731106955,-0.10951618732979984
353,-11.084420805299688,13.24516586592881,0.2593763434868642
354,0.5535143864508716,-0.9899183124972811,-0.6848204398220576
355,6.45734875333922,-3.6326428497181253,-0.01815692671749062
356,0.5062963552197711,1.4876689791963962,0.15368384320004166
357,9.296837751976874,-6.911024476878566,-0.5190435945546041
358,0.5283012781719643,-4.039720529888492,0.08002706251543884
359,-1.8260966769087568,1.803490870262869,-0.05217335065682393
360,0.6839922918044181,2.665273552023515,0.07103927724534823
361,-7.334029835616262,4.756657105734003,0.32948708626359785
362,7.224132777619385,-6.520238153827719,0.1320315741631375
363,-1.6647485738572998,4.516354656928481,-0.08582360818838577
364,-14.743883420362115,4.731503462756519,-0.005911347273039793
365,1.5986459959863064,-11.63531034751461,0.35302697892423013
366,0.7674792180320854,7.773667209887357,-0.08121927133624819
367,-10.771357490976403,-0.03289013393993917,-0.3668946219024182
368,-4.7525022422243595,5.780419311099708,0.20348060973006823
369,3.075520159784038,2.4265108929889974,-0.02186353765155523
370,-10.773101917978892,9.398329557217572,0.13987757273499277
371,2.126337348248981,-5.371053280653695,0.13915993555456438
372,2.8647734299802923,-1.3834785559634115,1.046699905738303
373,-2.082931942159216,-1.4517248532942837,0.17330837455628686
374,-2.3795173276444923,12.396214318136472,-0.055919645292910006
375,9.129124549548322,-2.0375907878619697,0.2194053844796427
376,12.988158224740877,-7.044916021659302,0.6052072026868394
377,-3.595950798735252,-8.397590620388968,-0.017144093655890362
378,-3.205829391173475,-2.1742364426018677,0.053891514416814064
379,-0.6546522342211201,0.6306861419982706,-0.16793278136488018
380,-0.39887533421582055,-5.978416786729035,-0.044754069633739485
381,-2.8724828615524793,-12.509674283425078,0.5392809431224874
382,10.124836040352774,-3.950593180138449,-0.3038675753817063
383,-5.381569302989143,-14.272963690052077,0.11791057111575967
384,1.1174527326573704,-4.3355880251145,-0.12804381928674688
385,-0.7402994825190994,4.764240559228478,-0.09968786527182878
386,-10.301165470071297,-3.152266977808756,-0.06286859461624483
387,-6.199045430198122,4.258251806319896,-0.12117374876140398
388,3.9169259185333822,10.30618582668305,-0.31213904934419734
389,1.3973536063760936,-1.9245957348464307,0.044651984334396363
390,1.7315031336745552,-4.436518686387868,0.061386481894847605
391,-19.850529836993804,1.0851496570839494,0.49893211721699476
392,-2.5401309955325577,5.082345178223917,0.02224855015287719
393,-4.856060759327799,-11.395755052312728,0.1896265499951273
394,-4.2751544199611065,13.791301268899595,0.42593881459166527
395,-0.4719658807214393,11.151772875668085,-0.10489750698931424
396,4.7738331698506205,0.2903045795858417,0.13918441380992255
397,-1.0930807408684642,-7.534658424960186,-0.1737375056093896
398,-2.1065311667866693,-0.8304833308095496,-0.27799050328193153
399,0.287497299953735,-5.256083159068298,-0.20018990345695095
400,1.5136396471542046,1.3400408643119057,0.019067562810722603
401,4.776892760101383,-1.0125664605348306,0.059258739636435694
402,7.189007618393518,2.675253143143051,-0.23215422022409335
403,-8.201571046840339,16.24613686513401,0.4236068992066512
404,1.0731392821611314,-4.155275163754859,0.01803813427798888
405,1.5761809340108615,-1.1397995423032659,-0.13132107076319455
406,-1.5806239881852155,-4.712066119612758,0.2572631857366301
407,-2.5966020215521106,6.177934357984138,-0.06455167635800398
408,1.8719940144724971,-3.316693538129604,0.24824275096446544
409,-0.37243322416049496,3.7353826760029745,-0.32423281771428325
410,-2.6603516062497055,-10.165426846329114,-0.049560797073946325
411,-2.4576921740730544,-6.250486074630955,-0.23144801877893906
412,-0.9890918161881349,0.5845560498831832,0.017129166285188603
413,0.6822631330595694,-6.042069062552167,0.33853222615856304
414,6.534709855860477,3.2854811277778726,0.031771189078954584
415,-7.526840047300927,-4.029718626076298,-0.07261982779587738
416,2.5566065024064337,11.939937057780252,0.4270315007366652
417,3.811001850660781,-2.5573382153177446,0.02087763183435749
418,-10.710115608403159,1.3617434045296009,0.12139366567904351
419,14.52372081563065,7.292478427740715,-0.09156245208888558
420,-9.553164206868836,-1.431891836810833,0.38753642190258847
421,-5.223528000629946,1.6392004258497765,0.013736991541393687
422,3.1682756997219914,12.283574378152544,0.12393752854465431
423,-2.096310296058239,-3.455977381800877,0.10430905929503752
424,7.236470652468285,-0.36731214491473385,-0.3184052191097476
425,-4.283481035797019,2.6432407838344947,-0.0502141321850329
426,-0.7562761518516461,6.749766418488491,-0.03756001715878537
427,-0.8638053972893286,1.061458928801486,0.2058990421744294
428,-3.3466871200391264,-3.742734730513016,0.09164137036804984
429,-0.004569087332600068,2.666833666670157,0.05631879222224933
430,-3.1407021988386954,0.34796541815294524,0.3466947389355345
431,-4.726959286813973,-1.9272771242840883,0.16445588442930698
432,-10.844657575144764,-0.9704581470049038,0.1443370209206421
433,14.616137543013528,14.023716610539562,-0.0797425742169103
434,-4.278689727864239,0.35977063869616654,-0.1436516670396827
435,0.5134555503861432,4.46973487555121,0.03700069441702086
436,-1.2835713239124407,5.973400496104246,0.08205584451863283
437,13.047060660133267,-2.4649511830552773,-0.8803997140536859
438,-1.6232963808673715,5.2489186714957565,-0.04688908440234944
439,-0.4291780009619715,1.526078777676482,-0.2990771412399876
440,-9.141232798866618,-0.7375521532553392,-0.17814018584495245
441,-0.509310400519621,4.265148849935265,0.021298974556674843
442,4.101667378204997,7.42391476456098,-0.09551221615791827
443,-1.8496373478073378,4.1419972281914905,0.34184020261853665
444,-0.9777858305633479,1.9755309376037644,-0.029508688891172148
445,7.0701280858983555,4.413218397716471,0.3813408680471238
446,-0.6007380991013811,-5.490098892560944,0.11151636937650036
447,-3.3364445893181114,-5.979490282313257,0.03609335157056776
448,-0.6477680471354701,0.5030154214356317,0.022875952877599838
449,5.0801267752545485,2.4189621618345236,-0.1942933977636232
450,-4.115138684633962,-2.577930982378508,0.07332414370526813
451,8.844973842916568,2.7844994734521507,1.7991121808468047
452,-10.137058840297286,-8.70823496864725,-0.06579778192245474
453,-13.173490881702111,9.309302531517645,0.08421636557472013
454,4.536237802170445,0.39447160123904695,-0.3760939074223714
455,9.606882436613063,-0.3319268585937875,0.3191789361932679
456,1.6193103699734668,0.8826141073188963,0.014354698902618424
457,-13.474491282446449,-3.420731571375094,0.47323846799273783
458,6.757801135254483,-7.992902716695554,0.036474087419453294
459,4.361167777660507,-9.072314837716542,-0.0858244924616136
460,12.470068538403662,-4.867189075936019,0.022773496611315405
461,-0.03957881395901059,20.92979358433013,-0.20024606684769083
462,-0.6622196965095566,-3.0151469096325703,0.1812118412394369
463,4.708822778343335,-6.163497296666578,0.19062403322827262
464,0.27753460754501075,7.21901500594521,-0.1735150265424359
465,-14.147464204692417,-3.940692357610744,-0.14280169943323587
466,4.5800789674958935,2.7226751250666608,0.21059319309840024
467,0.9881893055467468,3.383763814264022,-0.07417819468274846
468,-0.5954924569179884,1.6736816791616005,-0.09456918587106916
469,-3.6925060460973307,-6.745764153895615,-0.015577423544488087
470,0.9646440738602173,-2.474925093256885,0.2651948791437611
471,-0.9405979976015688,-3.2888937907818816,0.008370929254662964
472,-5.831506708428323,5.901351987151246,0.0478667146902644
473,-14.273263480535691,7.7189007989871845,0.3823608429636454
474,5.823715339798364,-13.236573491438264,-0.060828036239564835
475,-6.898965958972969,0.8173382465151408,-0.12300767249503088
476,5.717107390928961,9.422266361881018,0.409271579741592
477,-1.1704106873953182,-1.0884224927734836,0.12457287126271632
478,-14.035056094307949,1.3478166680759511,0.2999458602011559
479,-11.183007082026421,-13.606584874490181,-0.5181696571265665
480,1.57980163474385,2.2485716542915566,-0.14041849463032066
481,2.6595318149271163,4.256224086898741,0.6768211559102578
482,-0.17122761727071226,-1.983719440638192,-0.02457225825588888
483,1.37774662353686,-0.5323850796912436,-0.11522761227847968
484,-1.0423101610150267,1.3858605169045348,-0.2977428415046077
485,6.3564170711579875,0.8001151334127249,0.05960385041401172
486,7.870878131091134,0.18414675120199184,-0.010494028653026217
487,-8.08289442523499,-5.309829061029645,0.9012347330769241
488,-13.060277295834641,4.275213395213233,0.3104103608836106
489,-9.186795106173959,0.14199688706331987,0.1935525643234041
490,-0.09541485388657547,-0.524154662225008,0.010639995241607466
491,-3.0360918468799207,4.476986112846085,-0.12792288464593518
492,-5.863353041459142,-6.799369014743735,-0.43275244811939617
493,-7.804141509648679,-6.31533184258385,0.0836357390862255
494,5.824831304694608,0.09504735317018008,0.030127672304585573
495,12.709669859472637,5.958975046540026,-0.0822930159082243
496,-0.11752395913245949,1.256175644262015,-0.1511320975030738
497,0.8149128266041721,1.1065176824296874,-0.00630473631791726
498,3.024555040458598,-2.1178871844782847,0.10549506643783307
499,10.07410503527737,2.9201676008426785,-0.1299544913170716
500,-4.33482722669542,1.2004980687965312,0.24340380412762996
501,0.8902743530970976,1.084645291378309,-0.08050288479913234
502,-1.618108839668192,-9.06328413538158,-0.20516283341489905
503,8.159234643726403,-7.156615081355213,-0.09444814617300999
504,-10.270230152984166,-2.7893405998183183,-0.02984178677608435
505,-2.3799340907970725,2.7605944723475444,0.2724490877091276
506,1.0950633028415917,1.8210314781379564,0.30053433717458133
507,-2.565367962222572,-1.2843525646383105,0.08586073475761705
508,3.1876018638255403,2.5583806392307302,0.10431899592528796
509,0.586393471377151,1.3219642732909247,0.05217958758754309
510,9.839562317285903,4.019656181425266,0.3515299816408176
511,-2.3304907106200377,7.655023172422816,-0.11717306190163203
512,-3.575178118118322,2.7924812997110644,-0.10368738906199547
513,17.863694155421015,6.824362743282361,0.24932480728346973
514,3.833129486801711,-0.3756604510317976,-0.0767002694892711
515,0.727264510407866,-10.277889259984157,0.3419065915087796
516,7.091589345801248,-6.396428916455613,0.022178826442041284
517,-2.8745177247635563,-4.19304804376489,0.32252271471141936
518,-1.1001778326526879,-7.28827582039677,-0.23296455359904347
519,5.126539517656355,2.4679079959134467,-0.14713128044098533
520,1.070591770352635,2.6164271574395945,-0.0287168152417976
521,1.4382660549424684,-10.983418164085968,0.10475893417297222
522,-17.107523060876296,8.519276596109956,0.2994214863798123
523,-2.0483167225599384,-8.969690172302444,-0.13368332022914853
524,-9.049351313783598,7.767597887984678,0.07399688333902572
525,-6.958174477471149,5.767979116712385,-0.9630290009364745
526,1.4628803990888788,-7.120458482256137,0.17391064148411103
527,2.2419672017906014,-3.6627400750096983,-0.07389469037922744
528,-2.2715577803098514,-8.868366809589332,-0.20291504708498403
529,12.423177882484739,5.967914142022536,0.3792919407685398
530,-5.191354014932539,-5.815616928308169,0.5200904209841947
531,1.2438597872045765,-10.354247150386188,0.034121895757265146
532,8.621337336373246,-4.242375972136158,1.6765278962669403
533,-12.676822661796765,-3.5488500352578787,0.21313983414095788
534,-7.785049517603115,-17.752427305303137,0.3406967308177791
535,-4.6861675416065,5.471821525338686,-0.4932804212895011
536,-14.682996464168479,5.877710326323344,-0.49909606923457134
537,-0.7281594339894985,0.5598651589338244,0.2162013344043822
538,8.227338244199617,15.943802874901118,-0.25988216491985544
539,2.995090899475388,2.562886803429119,-0.5660689667171398
540,-8.779359155763649,5.726196108628024,-0.09231572842772894
541,6.475583838940219,-2.9901922284040348,-0.20348582728688416
542,3.169767536018265,-1.9249167620302734,-0.05766016755488563
543,3.4299027613976105,-6.242773066251251,0.2686942411668144
544,3.3145099007606733,2.027342008026927,-0.03279912392813305
545,-0.6728782697583422,5.673502091718385,-0.17679374555020022
546,-4.823667076524615,-11.928618525175535,-0.16369910479928412
547,5.120440267601208,5.051883582628116,0.758410161064763
548,-8.429717175450172,-11.934454203126275,0.31666329038711566
549,-4.9477083360292085,7.952297001385283,-0.06173041195459611
550,0.7601135246984533,-0.04263958439827865,-0.05570401444409835
551,3.3087068460367415,8.871179205676281,0.1978690874143676
552,3.3806298987709438,-2.766886946468752,0.23425498725154062
553,-3.8202512260194363,5.910569777397315,-1.4285782473032287
554,-1.9964694514799413,0.7606506841132659,-0.0921705218311057
555,5.622931724523696,0.01950577123482175,-0.015884663380471946
556,-0.14356482540827725,1.0702340249872946,0.008959954958311062
557,3.522653308302978,-0.6500651638846698,-0.11114686867399975
558,-5.5858312277353654,3.832365259740323,0.2559165053805018
559,-4.945440095076396,-0.04206445925279941,0.4786314465752344
560,-0.8320172660622781,-1.2716235641027995,0.030314483353005982
561,0.3514806901033657,3.4868877654137216,0.07151907850281022
562,5.533452245774842,7.184949115921289,-0.008798089642449838
563,-3.137964925531475,0.9119571508977318,-0.19640205953712148
564,-9.41405671934929,7.090487587559559,0.034996248752918055
565,0.8193104844474571,-3.520465923637272,0.3561682593363284
566,4.055800173695404,4.754856751320608,-0.03314676487280091
567,1.9753411198824466,5.635244234592536,0.22572597022000707
568,-4.103211485833401,-3.635648952725482,-0.14195289375008183
569,3.4327060904948166,-4.255959250347541,0.06567234791160007
570,1.5251276666329292,-21.42044219896983,0.6452278189881061
571,4.705588500065273,5.853531119333783,-0.07613945063493532
572,5.577450212043965,0.13208125455965145,0.024512158669394424
573,-8.000920942004418,5.703625946608757,-0.6837478803180126
574,7.152665107583233,-10.38650966270265,0.14290467610152166
575,-0.906494847386089,-5.847070015131621,-0.1396263532233712
576,6.97206701791823,-4.025439415650745,0.6485330503752729
577,-6.350552805697696,-3.192337258837904,-0.0791490969855195
578,-0.7261419528283779,0.05166007888490576,0.07345876800310999
579,-0.07349980138538606,11.985051306013682,-0.2623727647731616
580,3.2966285357597402,-2.353578768006065,0.32022655539032147
581,-5.724727112353584,10.931786773125388,-0.022177190210440165
582,-1.7641243360470953,-7.125936438948456,-0.0847371968805647
583,0.46459200566621045,3.2419259742684847,0.1688648205493099
584,-0.5434515744605264,3.903836367421935,-0.16503356886434922
585,3.127774546730413,-1.2619863975116188,-0.022546638250540346
586,0.6504983228170663,6.460589517151745,-0.3682923530824281
587,-0.19282588543520265,-1.1344514221141089,0.33826195370195383
588,-14.890782039721003,-4.160211104728459,-0.2266819277325339
589,-5.590413580213128,-0.06717601713792341,-0.11397354177976765
590,-6.559785308754855,8.890277981227086,-0.0698855881722472
591,-0.621539461174002,0.3943964080713618,0.0503055316486515
592,-0.22105641735397522,0.39786979541516587,0.06699858233001922
593,-1.5229034310933651,-0.3648438438434619,0.06692617986905154
594,-6.1505469914547355,-15.491784309585828,-0.1747244408689319
595,1.2958040784480738,4.705087168912831,0.19155790239570955
596,-3.3148371551359723,-6.889117160157706,0.06592667125578874
597,-5.669814028463786,1.1221754419404484,0.05180497248402882
598,-3.2731949727781506,1.4489731005461821,0.34345670998320144
599,-0.3307265554579909,-1.1783537204886523,0.05512026747090033
600,-2.3730409447052994,4.633731443428682,-0.8576422587231187
601,0.09300995947112108,4.991310279941072,0.0383718720976656
602,-8.123146796544585,-7.103439327790412,-0.556579579467114
603,4.542983125316856,-5.328728687636176,0.09503207272910873
604,1.1634954150615298,3.901657206487898,0.043838012390619206
605,10.347572218950496,1.3344372861247695,1.8363956598713176
606,-0.08504711999789213,3.3076413872517763,-0.8293645731508441
607,5.554374657819059,-3.891343853436421,-0.3360348423209619
608,-12.666160827795895,10.415404571770276,0.29687902161766666
609,-1.1607222995737918,-2.522878543430344,-0.49368023370905223
610,-1.3312284306553392,-3.254830491155245,0.28887397965633155
611,7.95006238831168,12.020468199279591,0.05289407697479844
612,2.199028745212912,-1.202034228582751,-0.04764500464416176
613,5.438983322716411,2.830384241624112,0.3585420427283635
614,5.012421172588551,2.5310080658777214,0.0373500934903519
615,-2.0674476065918816,-15.658637887409386,-1.5808045112742495
616,-0.22156562326734752,3.209232612854651,-0.20099758718300542
617,4.498503551308513,-1.7439599895553963,0.130478465866423
618,-1.886498873428754,12.07359716631951,-0.13276672500742182
619,-16.8244135671697,-3.7171763508478697,-0.012942716510115762
620,3.860080819898221,0.5594939348582872,-0.01638308647384883
621,-13.472292323259154,7.665037091622761,0.366149528666269
622,-2.3223524779478044,-5.057159838967115,0.00761242670191338
623,2.1186493406924476,0.9582686225019338,-0.17979237361228811
624,-1.5667730291857553,-1.7185007349545156,0.17878668222312086
625,1.7232596420928663,6.480485177681755,-0.3568195689723802
626,2.0800539301107976,-1.857062246382558,0.31243080743677715
627,-3.3618824878105498,-5.79907752804252,-0.13666449949649198
628,-4.500339606063327,1.652180263590551,-0.8631294155995227
629,-4.280677764958192,2.031109281353276,-0.0634735473942172
630,2.9213801164468065,-4.532703850288418,0.05458359039130062
631,-1.5909637872624471,-3.0753472360191347,-0.020629163217302918
632,2.5982620386860567,-1.8152465125847914,0.004632032927163238
633,-4.425025998500282,-2.205718443474991,-0.10744519976856334
634,1.5390488679034224,-2.2055179153137323,-0.021527629147275094
635,-7.926661216871989,1.9557874701689653,0.20683308236350897
636,4.747308027458264,-1.0176025762165348,0.01947025650892677
637,-8.74015531892015,7.698091400009663,0.49705484935650174
638,-0.1540812922021753,-2.020333157562036,0.4046247356814179
639,6.493377862640613,3.78445663491772,-0.021633078534522364
640,-5.218635651455589,-7.207593736160917,0.21363799922369375
641,4.004953449905252,-8.326778259794638,-0.109769841775908
642,-6.761716410478538,2.1968719665623726,0.12861816285910413
643,2.2878330556706605,-2.676436249705577,0.11815196508248889
644,4.544208195212084,3.2213383123677928,-0.1616279112261577
645,-7.11245722271389,-13.321122534363257,-0.15698539055338703
646,-0.0938247198656038,6.106760744079048,-0.10898653370886896
647,4.211730986386555,5.468757910049794,0.10470865930429926
648,-1.5105257140847534,6.463862739377713,0.02822818140024431
649,-1.572023167070581,-0.6691536955573801,1.5450420522932085
650,1.7680622245372153,-9.739982112276952,0.6220379926469809
651,-1.4754116245032725,-0.3820215559085397,0.012965866524119789
652,-4.966251523574362,-3.736504520654122,0.06812662513475393
653,-0.06128718476300984,5.866505828343986,-0.75081262141548
654,3.5760304025306797,-8.315712688976273,0.09367183784279833
655,-7.024689110232837,-2.134351882692947,-0.0014377632204722428
656,4.202955636888753,-4.669547955409914,0.01600850697046373
657,-15.663588377248555,-9.242769030308718,-0.07623977561890583
658,-2.6838779122753262,6.6050287374208345,-0.16176098805544473
659,-0.026642966791271525,4.598650729969759,0.007110850135234995
660,5.943462384436005,-0.009565789869682621,0.1355487344238872
661,9.266632312770218,4.389253589047899,-0.4556666386818249
662,-0.7253292773675294,1.7565332255869628,0.12766006376102565
663,-7.265407939458526,-7.333363463157584,-0.22344370554093473
664,-1.5277785669603743,-1.0162298725235976,-0.3819200399561796
665,8.88451537787203,5.017747233460612,-0.26526518197512156
666,4.933265402330524,1.604381274501933,0.17234104687484353
667,1.7015280816106313,-6.206676842806072,-0.16842794830143218
668,-2.1814503782937105,11.137715935458894,0.0704369165200594
669,3.977068885284441,1.5963483971538623,0.12049511111131274
670,-1.3928426653593737,2.468077681438538,-0.1432316914811939
671,5.377604158382815,7.338292099974195,0.17823071703152085
672,12.98089000361271,-7.6947740412422405,-0.02344057688460199
673,3.193027134750487,0.10897068514158093,0.06735718363939282
674,3.08808423918586,-4.894093822811135,-0.7395783446725396
675,-0.7310354750591646,-7.54633360573955,0.06414390297447227
676,4.063454080246888,5.705842857006293,-0.02187763180540736
677,-1.5115974121438778,0.0131550256237291,0.043117625454719824
678,13.982594667301102,8.766999182449695,-0.253367866286462
679,-3.518713547200018,11.834470789870954,-0.5650008363120994
680,-7.16816613718682,-5.5569004188410425,-0.26483531522471104
681,2.3176190266894316,2.024835937434288,-0.2557007603716946
682,0.9848039745050554,0.17396598946013248,-0.05832800129532694
683,-5.1860343075595345,-4.593754354515187,-0.7579813201265405
684,-4.196947808775005,2.5989215076967884,0.022309100031174197
685,-3.412684480319788,13.034081055979414,0.06474452052145595
686,-6.213387207550611,1.91248836782576,0.017178150875131613
687,0.25035830629735883,3.4911782369582913,0.022333102505390792
688,9.490330989541038,8.662093302779455,-0.12056971218568349
689,9.033331030727096,6.295237110851202,-0.05544748507291814
690,12.999496647314006,1.5472219157695997,-0.09171101041399587
691,10.057731207064707,-7.266479851885611,-0.16101385916735023
692,2.5900142657731364,-3.9793495571982285,-0.2690695000397012
693,-13.413351061422507,9.641602648475775,-0.1325310593074893
694,5.02061113641772,-11.618482760626414,-0.13028373427939774
695,-4.057291049967952,-4.207340461882845,-0.023522829033468015
696,-8.23290104726857,6.099826572656204,-0.009233942698486881
697,3.3315266743243597,-11.14027205922583,-0.3994196193395416
698,-2.711892771973377,0.8781078957204789,0.23313596744382642
699,-4.7522680000877795,-14.615157597849791,-0.4909775933933041
700,-0.2134024517058097,10.47000980767688,0.0492557971164023
701,-1.2402833652395286,-6.849681831155734,0.4562224188917381
702,5.653788537993582,-10.327882138001236,0.5044559341932894
703,-11.20453786155609,-0.022600937214503472,-0.203296305870386
704,-0.30279703617206133,14.801398426103074,-0.04036488146174771
705,-1.4450204350058737,-6.3426532987527935,0.07592454878285003
706,3.0253566550637965,1.379050468307955,0.392854761459643
707,-2.520248313869079,3.4937121170149426,0.044403190259222326
708,2.1637008374795497,-9.019861693779122,0.03141810066095195
709,-15.404647091823026,-6.9872218164963416,0.5101536014090878
710,2.078812080283639,0.6815699447485365,-0.10320881487595365
711,-9.468526339730833,-1.6270719695092917,-0.04662780231169126
712,5.649419810479554,0.6894907749013054,-0.039999156254202015
713,-0.6772643945950361,6.155994942712865,-0.07382785401701605
714,2.862375358956725,-4.775005505906653,0.10059941189578649
715,-5.790685335686375,3.4259356996531656,-0.21145956003705374
716,2.0200739625152626,2.281331931132063,-0.33080257667917823
717,-4.090472692835333,-5.304912211229896,0.21159403432634216
718,1.9003673032465247,-0.8823608404973525,0.05982774076054217
719,-2.9694165332354046,2.6465967479914556,0.10928603982472038
720,1.8932586246949397,8.292779276584612,-0.1508998648850235
721,-10.447231945593305,-5.924656312686708,0.04092876767100975
722,-1.633861128028581,3.2380766641312144,-0.10777775744791135
723,-0.14321594948585034,0.6441269390631088,0.06765687342308929
724,4.0613355941610845,-0.15541735205136378,-0.1919554488137059
725,-0.7250445647469315,0.6102116340222697,-0.22600887506028328
726,-7.986684819820286,13.38024344232944,-0.20855234093354455
727,-0.19162252739028773,-13.54437670527175,0.4457090850365102
728,14.417108183348299,-4.988130967437952,0.4390404680713349
729,2.4956396811825146,-8.184361937612595,-0.24462289210749488
730,7.135435128899227,-4.07090435902478,0.4012786932915798
731,14.4737336687169,3.578196195560061,-0.6141199160247522
732,11.035054330071743,-8.277286192322842,-0.6156991699638161
733,-3.2684300168595306,-7.364965467570478,-0.04021079937501733
734,10.304566566283848,-5.640337133634787,0.2992729635175247
735,-10.881676625175661,2.7640083300823117,-0.2426891118835523
736,-4.354836181431914,0.1602350551997598,0.02513068868856163
737,-3.179762295337493,2.6604999022094837,-0.4399740498514759
738,2.1954776132068754,-3.754964040590018,0.139832951093988
739,-0.9486634207523585,-3.4409447439087093,0.15572917703408892
740,3.4783161119041828,-4.36742333174318,-0.26617182940001616
741,0.9927083615374862,1.5320874907035689,-0.03165506382804342
742,10.067518414498476,-3.6571130888631163,-0.33158573025720905
743,3.206824938397026,-0.4846296073637419,-0.08835312168931231
744,-7.628180677842813,2.4526354088834266,-0.10590906301076267
745,5.2161307981830545,2.842976980403362,-0.10313867144311824
746,-1.1512951871968993,-2.5910494387391743,-0.2783293784755414
747,-5.103877044791971,2.353707748932608,0.027996518838946688
748,2.720056233301071,1.9824646802675028,-0.3678988524460661
749,-0.28809409233460914,-0.6710567997857471,-0.06619126642397279
750,-3.936145922509681,8.198144041139146,-0.18637001049787724
751,-1.9376628188597158,-0.16212944864109197,0.05105932070422209
752,9.61565877962728,-7.9577273439064005,-0.22160045511563084
753,-4.901136517448539,3.073593754785242,0.0726087317397387
754,5.397146278797202,-5.015773434726418,0.0014226408935855764
755,-10.716837362073479,-6.086062408964624,0.2061427396822031
756,-15.088396101829023,-2.895719301275786,0.16138753553241722
757,-9.189752498031899,3.8837722147610254,0.010782762688236476
758,-1.654333617305278,7.236193889762389,0.38715201961348733
759,4.365348926490589,7.801361440043106,-0.2654340974427446
760,4.74759733405781,-5.283438090206565,0.016274858126659415
761,5.54658228615798,13.035611124378129,-0.031769561108204364
762,1.236761410686552,-18.229617844834483,0.6314756068929679
763,-0.7088275156418699,0.6789911468506528,-0.003486360787556061
764,-1.5733022889655364,14.210486218065496,-0.6081105751906507
765,1.46162780894346,-5.186470595863532,0.027048186389535215
766,-7.4934447682977146,-0.6888516092845052,0.1582985238944037
767,-3.6174931842688127,0.23453571872597084,0.010338794666060988
768,-3.476549913197551,-6.0329843825451,-0.28011977797421833
769,1.9162573708982704,3.628158929651111,-0.04894164714770314
770,-4.525931251334905,2.956290697358616,-0.21937556313391676
771,-0.9059477084979187,2.2763627733198137,-0.20983511496885668
772,16.407973038640744,0.7260547211840186,-0.6986684207568898
773,-2.442314606149056,3.2497421937310738,-0.03379002315192898
774,-15.741550920407715,5.46909370618568,-0.7682032399107013
775,9.345279966608086,11.441640702026532,0.10738289259552314
776,-4.849578053496643,1.7201593992079047,0.27550945339613264
777,-1.187404140745115,-8.071347733334353,-0.04414554591780738
778,5.5271154312051145,-7.259315098668998,0.03957794121942199
779,-2.265357910524831,-1.036863306380662,-0.02431012716694042
780,-2.335956045631718,-0.6168528801978345,-0.25518186804484183
781,-15.536878573615232,2.2857773496199374,-0.11980443454124998
782,6.930745434393896,-3.2809864489780147,0.2666596209151027
783,-15.513306037097676,-14.188303502484606,0.39978843710509426
784,6.68670418667563,3.3324865085022406,-0.06630648828991467
785,-0.6531953367787328,-0.0009046627898767303,-0.007736857881423401
786,-3.0268457389980865,-5.7499299209632655,-0.17919855463159245
787,3.996890278178696,-9.683123446546407,0.4637554990400978
788,2.0601154372238724,2.2563730318929256,-0.22607130317549937
789,-0.4453025100020043,-6.958318320595259,0.15300534884559008
790,1.4085525420911444,1.5093045154954459,-0.15154676949114312
791,-1.2693888807629288,-12.797299252335428,-0.08235547239336356
792,-0.2530219661240089,3.68276743034784,0.23044643899241557
793,4.980238242270617,0.05723305255530538,0.006447634654923167
794,-0.552890367092106,1.5347905136225806,-0.20799926424396661
795,2.347158279092868,13.013295094346368,-0.48890130550753025
796,3.7169952777404665,17.05016751647745,0.04498713289126306
797,-4.2619812124051295,0.07982168653371086,0.6306234028509664
798,4.422769479862073,-3.4909489492030086,0.2184091437148713
799,-0.7294121146015715,1.9495889703872562,-0.05529505958225371
800,9.084255104471424,5.752298656558449,0.18678359039380799
801,0.46613950153812156,1.2402336900696564,0.19816332276782453
802,2.9276295095191607,3.4278395572427387,-0.06389016439892257
803,-0.3315732522267412,1.6054585659019882,-0.048764049524335204
804,5.409886456339405,5.321536585853517,-0.27186752810076986
805,-4.904225939309365,-5.3194971873746555,0.04192751687207419
806,5.033131173538764,0.9953772863441669,0.23067073399252272
807,-12.469148932781732,3.324634155674436,0.07066629188623484
808,1.7987972903096474,-9.080764163007137,0.38830991726271136
809,-9.496740204913122,-1.9355621566574066,-0.25532302326817247
810,-0.05928509171840004,-6.110258825659927,0.1231224853263572
811,11.667248207778863,7.89928397144275,-0.4866247571852973
812,-11.347339690273287,1.0266191450453157,0.017839874504456114
813,-0.9664632333249084,-3.2075127698845387,-0.18355873118708904
814,-2.616029216238021,2.1523776406015718,0.09702490815177346
815,8.080416219910287,11.240733384110964,0.19558601179949975
816,-7.26367371717575,-5.603373171939025,-0.06991682276889886
817,-6.042021631553261,-2.486521742758185,-0.22311564256072686
818,4.205042420532474,9.780500971589941,0.14493595161367817
819,-4.634271975111128,-2.6723841318283537,0.11034792325087237
820,-3.211945735692595,-0.47147490492967314,0.4273093512333211
821,6.559613062200714,-5.629775912702929,0.3987512789246677
822,8.722544265267544,-3.317121146459713,0.004232650063956227
823,0.9843241341122926,-2.8339937548098253,-0.017696412711411563
824,-2.147397350679142,4.030605764338812,-0.24155716126191787
825,-13.055674951681375,-0.2829729911878128,0.7778001533239361
826,0.9689703157199531,1.775108906701551,-0.06400909374079489
827,17.04495653364823,3.2768929823521673,-1.3158513198721207
828,-0.38149884754992697,-2.89827118742035,0.12208189016547584
829,-5.009260272470047,5.057261192543936,-0.24380101981179875
830,2.809310839158638,-9.157562819688527,0.025809250845491207
831,2.160871519501445,-3.272632717025224,-0.1725651229859568
832,1.7504723472946848,-8.44105524686536,-0.030576602976695646
833,-9.81656470874999,-1.511368973602657,-0.40268055268747716
834,1.8245748125401025,-5.571607246438817,0.1292569184500414
835,3.7624773219573457,4.316128562981653,0.009970689011329366
836,-2.2145121726502577,-2.941680983057691,0.04909268001633392
837,-5.57448349390604,1.9920421645319262,-0.061957549986344236
838,4.683053156484358,3.673525088884282,0.007720560077292998
839,2.4532158408429576,5.192931516385584,-0.04925707074301368
840,-8.416524594131447,-8.647738599216064,0.19971782225758405
841,4.343328697501231,-0.40359993420169127,0.05088420367240031
842,3.3947952343771495,6.522455912267201,-0.8644598446846182
843,-0.1538646149242219,-0.9845166963494487,-0.0074631420251035484
844,8.271713664927605,-1.0892173640047398,-0.24488009473491693
845,-0.7668118869123935,-4.836699005753344,0.02834601174073139
846,-4.279241518384579,-3.819015517365504,-0.04229647344988782
847,-1.2590388270400952,0.606474426107084,0.0401205881223248
848,-5.244343085199184,-5.749570754110979,0.24549685464247067
849,3.6285862870887318,-5.302320703685266,0.055794229942506476
850,-0.4030709458465341,2.6950939769248934,0.0037732037994622075
851,10.996610718440573,-13.942082212920768,-0.13809267582556445
852,7.529052695636439,-0.11542024967834609,-0.09271251671886085
853,5.347508421327485,-2.856359063915281,-0.07975161742195194
854,-10.787440329578732,9.561148888168661,-0.041616575924696274
855,5.216625597003321,-0.13207744069386101,0.11700077968604065
856,3.9495282764176025,-0.17230336073201052,-0.11079642628894802
857,3.9766252183435964,-3.4668041210695564,0.2770284209977031
858,-1.7215901296588056,16.034254419646892,-0.737753141534978
859,21.46230591267085,-7.482885104010286,-0.4114555234669891
860,-0.22474203255602065,-12.939838582153712,-0.9997094810914822
861,-17.204601163090892,-5.192574465750456,0.37137805673729285
862,2.2813841584827736,-4.545977302376173,0.010710218474091576
863,-6.17754153287161,-14.281984353800691,-0.1747697005680254
864,3.2403928299246845,-6.602524838147375,-0.15181117650186218
865,-1.5834871923070755,-8.701232205826045,-0.01695399719844206
866,-4.643925140148301,-10.94064178559359,-0.15997856710469655
867,2.641045231928269,3.999651660142223,-0.6796625397108514
868,-11.774308630092246,-8.85568403991055,-0.18172683336256476
869,-10.938884726492265,0.8173527755747763,0.1839352627506977
870,-1.1248435065561724,-4.21351152967379,0.037160852678733335
871,-3.904517821668763,-4.443231373139362,0.18568342378579625
872,9.600065279153048,1.9721000374456288,0.09938970837207922
873,1.7945427065523616,3.6377778953497035,0.3713367857708302
874,-12.288959796760476,3.365623090317446,0.46622957276148114
875,1.1084799648797559,-1.1132135490349593,0.1031714936799898
876,-4.9222881589294945,3.274111808664893,-0.029581737195522522
877,7.335090167052472,-7.979402827879047,-0.3336706243359556
878,-0.7914691120339821,1.5612995921001447,0.1058020332231837
879,-6.155147816925122,1.117251498764196,0.14980961267979165
880,5.23712531793161,11.188452932503983,-0.10690457125403419
881,-17.26919755721099,5.899588408624776,-0.24686394423664748
882,-2.5715808691454467,7.04828361978046,-0.18168676581974277
883,7.275446282800295,-1.5748954412713752,-0.0020059236141418526
884,4.760065247399841,1.0068705391847808,-0.015098150236381908
885,13.506515525024678,7.438636660179656,0.644100539553607
886,0.6152925339201853,0.9364793092354156,-0.050210520544628275
887,-4.8718123346548134,4.116520991577004,-0.247105874529185
888,-0.806112466589552,-4.395901233911795,0.03628703608517279
889,9.404467765587082,6.3852154515934725,0.2779090977135002
890,-9.164518446219228,-2.9942087041042993,0.001976909794315548
891,3.2999483849028337,1.0026377804543853,-0.15283928657344595
892,0.09307871167641119,5.4253263679349875,0.10551152136417478
893,-9.33009345597731,-1.2569766196350662,0.19130197373044688
894,2.8536948965610818,0.9719447035172251,-0.05603174397404507
895,1.8055824268008256,6.323314761750967,-0.13519718475319475
896,0.39261749625227266,1.7422489812727229,0.39330772264403746
897,-0.2638629357820306,-3.096116130189875,-0.08691986308875765
898,-11.582102044045453,-16.615584120571977,-0.10404454028733487
899,-6.303635908202609,3.626495740368411,0.160507437672844
900,-0.12847114665238657,4.032849092724639,-0.08208458631945832
901,11.129043369158328,11.455224715970934,0.1816787458936323
902,-4.422137727192567,12.221505379700314,-0.013434279430141142
903,-9.06942754537279,-5.335075383840904,0.26255075118960136
904,-11.577075633348763,2.6351577512580295,0.127328154315945
905,-0.7493445418559971,-2.09500979291957,0.28938310091342795
906,-6.271680512677934,-4.140785207444382,-0.07928083674773902
907,-1.9445029497798414,-0.550486742619966,0.35250885550188227
908,-0.0038770819150780937,-4.209078298929796,0.07396373790078793
909,-5.6351221088293455,4.7339655123123086,-0.21204617805413628
910,2.202723736416175,2.090381178679291,0.32191811010679094
911,6.218849374939885,-7.887892158262355,-0.1024953965593477
912,-5.442831583873527,-0.7383939565713654,0.1792633404266192
913,-0.5061969183264469,1.99461641266164,-0.041510196330514365
914,2.9998313399120065,0.42575549940151997,-0.0975962384195033
915,-1.6214535413100417,-0.963347648974408,0.39962039221710777
916,-3.409656676228923,4.0390015667038615,-0.17492494358484442
917,4.361928101462254,2.1015796534865925,0.9852329953147373
918,3.0006412776854963,10.729934253978929,-0.24632412200587486
919,-6.036997514121628,-1.7786169697964476,-0.15511034615521033
920,4.748959366717611,-9.40197809831113,0.050537406693720054
921,-3.1472609497547666,4.039429846769844,0.5633331685205499
922,-1.0067070651487373,-5.092194429163351,-0.3685108236454005
923,-3.5755582140556044,8.084914118751088,-0.461114061960801
924,-7.2190040189576745,4.411176914454066,-0.03702526449927887
925,-4.089788042814934,1.2548411043933652,-0.09316340868436263
926,3.774718286839555,-0.6995227246032804,0.07295524552770881
927,-6.559427115423899,4.27104196711402,0.3111349573294852
928,-1.1011752498507523,10.209960054734116,-0.35314327485497066
929,12.4216905134241,-6.953067491447349,0.22020066441151817
930,-4.628886827191371,-4.248377409135232,-0.03788165635803683
931,-3.8318409972656515,1.0853917145454293,0.045522783750081224
932,2.523793252709607,2.413634044598225,-0.050351473848322274
933,-4.394465038138133,-0.16785433814483997,-0.09166337025858819
934,9.798575645193385,3.559118550349214,0.3843508438896439
935,-12.510116053991995,-0.6102803985784551,-0.12092624398602432
936,-2.678559364100084,11.541468780898681,-0.5059666679170606
937,8.46748239258768,2.8757081142305667,-0.18719337084730445
938,-1.0850539785314985,2.169361728925529,-0.026812959515879684
939,1.7137429136726494,20.216404092624327,0.1251096374455949
940,-4.149045479643568,9.814126585784342,0.34359190959377245
941,-1.0875343121784036,-9.130787977133062,-0.056935443849230875
942,1.3559767754349763,1.3031385684915116,-0.18858384302115758
943,5.981285186885012,-4.701969758849349,-0.3479046391443958
944,-7.11949059768067,-2.9987307532885756,0.3131427005595815
945,2.9647069809566844,-1.176331905086174,0.2924766750143628
946,-5.098771285677092,1.4179726725831772,-0.13821041110858912
947,0.5501410133078382,7.012692868931432,0.06678005639887506
948,-3.3382061348651053,-7.360588784949691,-0.0857089275653763
949,7.255723533061052,-16.09420656455425,0.3349818090764292
950,-0.11621256221768889,7.308899842995411,-0.06023792632344786
951,-2.5340752249638814,-5.475389422973719,-0.17402856908216055
952,-1.5569492755855312,0.07523561613345828,-0.0811541210461611
953,10.963972299978902,-1.434198270693617,0.14411968395571395
954,-8.615944260954638,-3.3627161033752695,-0.2894666005554321
955,-0.03814823678460776,-0.8032598998851759,0.052191050826827935
956,-0.5393761080851355,-4.335430691401762,-0.15548776111358165
957,1.0227139197260438,-12.950283262461822,-0.05556471523544689
958,-15.52474364673863,-4.98084098779595,-0.3440460924194918
959,-3.589358604046995,-0.09265442550863505,-0.2390414059109091
960,4.2418224742857396,-6.19703036886025,-0.41397222812265916
961,9.605247364420123,2.7340306578391855,0.05607738320154215
962,-3.7087255926329927,1.963074418827337,-0.015316331651375956
963,0.6403625560729126,6.599903065926536,0.5808813979305653
964,2.6740797353938297,-0.8522937852891255,-0.2736422164897665
965,0.6177583703778997,-4.277159592537405,0.04517680513528736
966,2.602331752224925,-5.646462896308138,-0.21528254827322235
967,-3.3966271292378045,5.679395830185025,0.44028609217866166
968,-5.348868167026963,16.28205010107077,-0.09790134408970526
969,1.692910309042805,-0.5602120108373977,0.03827294064361132
970,7.831187136222337,-6.190237626436105,0.08696310427396564
971,5.861008899604833,11.598067251406409,-0.19601870188624806
972,-1.5863807357594346,2.903395696289648,0.45491385950532043
973,5.7763762545189365,1.7860401263691992,-0.27201944344315965
974,0.44083793588978404,0.913483999644035,-0.09911500536634596
975,-2.7763724419757843,-2.011484592541976,0.07888813667809538
976,1.3402364610062605,10.02092629494034,-1.0479263911932315
977,9.76223857812359,8.250507115346405,-0.05783628425535418
978,3.1386009482320496,-5.138299698232075,-0.13360850459867085
979,12.568810358727227,3.5806630812106306,-0.41055124320681535
980,10.67815423068518,-0.5922897180496179,0.07307910561509334
981,-2.373601198660075,2.6108960556282756,0.006062004190584126
982,-7.330605716415789,7.523378289971931,-0.45777813258595407
983,-7.082620211370967,3.2795550976667567,1.5211257438647185
984,-12.093177440468773,7.056984180788793,-0.12187672825246354
985,1.1464240037459021,-1.5716611843654735,0.2388937290542339
986,1.0028527485205059,0.05111388026535598,-0.06329897183098031
987,5.346958346957733,7.3683961863638325,-0.7482415452101348
988,11.280459282542195,-11.121569708573213,0.1384400160341599
989,-1.3025470036836457,4.294234251746937,-0.03335231937312886
990,7.750931940652762,-0.6666657666721513,-0.06713410033563758
991,-5.612109187006204,-8.72803370551245,0.3786479225665542
992,-3.971193424655103,-11.529004426212879,0.42670675488328424
993,0.4991139392118558,0.3083560011867502,0.03245315571056135
994,-0.986212320303571,1.463348236812762,0.1577950391933764
995,-10.277408294881113,0.7223987607527501,-0.47748545312794977
996,2.3274441409583115,-0.2078095892099713,-0.01246462903794453
997,3.8698226171349823,-2.590847746748466,0.01572512803058422
998,-3.535004034557719,0.6230514244140644,-0.020416056057879065
999,0.26188838021099003,8.293166557021461,-0.1110022743487824
